debug จากการเรียงตัวเลข
pattern [ตำแหน่ง i] = จำนวนที่ตำแหน่ง i, [ตำแหน่ง j] = จำนวนที่ตำแหน่ง j
note. ตำแหน่ง j = ตำแหน่ง i + 1
note. ถ้าจำนวนที่ตำแหน่ง i มากกว่า จำนวนที่ตำแหน่ง j ให้สลับตัวเลข

[0] = 7, [1] = 9 | 7 9 6 3 2 3 5 8 9 Switch 9 and 7
[0] = 6, [2] = 7 | 6 9 7 3 2 3 5 8 9 Switch 7 and 6
[0] = 3, [3] = 6 | 3 9 7 6 2 3 5 8 9 Switch 6 and 3
[0] = 2, [4] = 3 | 2 9 7 6 3 3 5 8 9 Switch 3 and 2
[0] = 2, [5] = 3 | 2 9 7 6 3 3 5 8 9
[0] = 2, [6] = 5 | 2 9 7 6 3 3 5 8 9
[0] = 2, [7] = 8 | 2 9 7 6 3 3 5 8 9
[0] = 2, [8] = 9 | 2 9 7 6 3 3 5 8 9

[1] = 7, [2] = 9 | 2 7 9 6 3 3 5 8 9 Switch 9 and 7
[1] = 6, [3] = 7 | 2 6 9 7 3 3 5 8 9 Switch 7 and 6
[1] = 3, [4] = 6 | 2 3 9 7 6 3 5 8 9 Switch 6 and 3
[1] = 3, [5] = 3 | 2 3 9 7 6 3 5 8 9
[1] = 3, [6] = 5 | 2 3 9 7 6 3 5 8 9
[1] = 3, [7] = 8 | 2 3 9 7 6 3 5 8 9
[1] = 3, [8] = 9 | 2 3 9 7 6 3 5 8 9

[2] = 7, [3] = 9 | 2 3 7 9 6 3 5 8 9 Switch 9 and 7
[2] = 6, [4] = 7 | 2 3 6 9 7 3 5 8 9 Switch 7 and 6
[2] = 3, [5] = 6 | 2 3 3 9 7 6 5 8 9 Switch 6 and 3
[2] = 3, [6] = 5 | 2 3 3 9 7 6 5 8 9
[2] = 3, [7] = 8 | 2 3 3 9 7 6 5 8 9
[2] = 3, [8] = 9 | 2 3 3 9 7 6 5 8 9

[3] = 7, [4] = 9 | 2 3 3 7 9 6 5 8 9 Switch 9 and 7
[3] = 6, [5] = 7 | 2 3 3 6 9 7 5 8 9 Switch 7 and 6
[3] = 5, [6] = 6 | 2 3 3 5 9 7 6 8 9 Switch 6 and 5
[3] = 5, [7] = 8 | 2 3 3 5 9 7 6 8 9
[3] = 5, [8] = 9 | 2 3 3 5 9 7 6 8 9

[4] = 7, [5] = 9 | 2 3 3 5 7 9 6 8 9 Switch 9 and 7
[4] = 6, [6] = 7 | 2 3 3 5 6 9 7 8 9 Switch 7 and 6
[4] = 6, [7] = 8 | 2 3 3 5 6 9 7 8 9
[4] = 6, [8] = 9 | 2 3 3 5 6 9 7 8 9

[5] = 7, [6] = 9 | 2 3 3 5 6 7 9 8 9 Switch 9 and 7
[5] = 7, [7] = 8 | 2 3 3 5 6 7 9 8 9
[5] = 7, [8] = 9 | 2 3 3 5 6 7 9 8 9

[6] = 8, [7] = 9 | 2 3 3 5 6 7 8 9 9 Switch 9 and 8
[6] = 8, [8] = 9 | 2 3 3 5 6 7 8 9 9

[7] = 9, [8] = 9 | 2 3 3 5 6 7 8 9 9

number in array after sorted
Array3: 2 3 3 5 6 7 8 9 9

------------------------------------------------------------------------

debug จากการนับเลขซ้ำ
pattern [ตำแหน่ง i] = จำนวนที่ตำแหน่ง i, [ตำแหน่ง j] = จำนวนที่ตำแหน่ง j
note. ตำแหน่ง j = ตำแหน่ง i + 1
note. ถ้าจำนวนที่ตำแหน่ง i เท่ากับ จำนวนที่ตำแหน่ง j ให้ตัวนับ (count) เพิ่มทีละ 1
note. continue คือการข้าม เนื่องจากเคยนับเลขซ้ำจากตำแหน่งก่อนหน้่าแล้ว

[0] = 1, [1] = 1 | 1 1 2 2 3 3 3 5 6 6 7 8 8 9 count number 1 amount 2
[0] = 1, [2] = 2 | 1 1 2 2 3 3 3 5 6 6 7 8 8 9
[0] = 1, [3] = 2 | 1 1 2 2 3 3 3 5 6 6 7 8 8 9
[0] = 1, [4] = 3 | 1 1 2 2 3 3 3 5 6 6 7 8 8 9
[0] = 1, [5] = 3 | 1 1 2 2 3 3 3 5 6 6 7 8 8 9
[0] = 1, [6] = 3 | 1 1 2 2 3 3 3 5 6 6 7 8 8 9
[0] = 1, [7] = 5 | 1 1 2 2 3 3 3 5 6 6 7 8 8 9
[0] = 1, [8] = 6 | 1 1 2 2 3 3 3 5 6 6 7 8 8 9
[0] = 1, [9] = 6 | 1 1 2 2 3 3 3 5 6 6 7 8 8 9
[0] = 1, [10] = 7 | 1 1 2 2 3 3 3 5 6 6 7 8 8 9
[0] = 1, [11] = 8 | 1 1 2 2 3 3 3 5 6 6 7 8 8 9
[0] = 1, [12] = 8 | 1 1 2 2 3 3 3 5 6 6 7 8 8 9
[0] = 1, [13] = 9 | 1 1 2 2 3 3 3 5 6 6 7 8 8 9

[1] = 1 |  1 1 2 2 3 3 3 5 6 6 7 8 8 9 continue

[2] = 2, [3] = 2 | 1 1 2 2 3 3 3 5 6 6 7 8 8 9 count number 2 amount 2
[2] = 2, [4] = 3 | 1 1 2 2 3 3 3 5 6 6 7 8 8 9
[2] = 2, [5] = 3 | 1 1 2 2 3 3 3 5 6 6 7 8 8 9
[2] = 2, [6] = 3 | 1 1 2 2 3 3 3 5 6 6 7 8 8 9
[2] = 2, [7] = 5 | 1 1 2 2 3 3 3 5 6 6 7 8 8 9
[2] = 2, [8] = 6 | 1 1 2 2 3 3 3 5 6 6 7 8 8 9
[2] = 2, [9] = 6 | 1 1 2 2 3 3 3 5 6 6 7 8 8 9
[2] = 2, [10] = 7 | 1 1 2 2 3 3 3 5 6 6 7 8 8 9
[2] = 2, [11] = 8 | 1 1 2 2 3 3 3 5 6 6 7 8 8 9
[2] = 2, [12] = 8 | 1 1 2 2 3 3 3 5 6 6 7 8 8 9
[2] = 2, [13] = 9 | 1 1 2 2 3 3 3 5 6 6 7 8 8 9

[3] = 2 |  1 1 2 2 3 3 3 5 6 6 7 8 8 9 continue

[4] = 3, [5] = 3 | 1 1 2 2 3 3 3 5 6 6 7 8 8 9 count number 3 amount 2
[4] = 3, [6] = 3 | 1 1 2 2 3 3 3 5 6 6 7 8 8 9 count number 3 amount 3
[4] = 3, [7] = 5 | 1 1 2 2 3 3 3 5 6 6 7 8 8 9
[4] = 3, [8] = 6 | 1 1 2 2 3 3 3 5 6 6 7 8 8 9
[4] = 3, [9] = 6 | 1 1 2 2 3 3 3 5 6 6 7 8 8 9
[4] = 3, [10] = 7 | 1 1 2 2 3 3 3 5 6 6 7 8 8 9
[4] = 3, [11] = 8 | 1 1 2 2 3 3 3 5 6 6 7 8 8 9
[4] = 3, [12] = 8 | 1 1 2 2 3 3 3 5 6 6 7 8 8 9
[4] = 3, [13] = 9 | 1 1 2 2 3 3 3 5 6 6 7 8 8 9

[5] = 3 |  1 1 2 2 3 3 3 5 6 6 7 8 8 9 continue

[6] = 3 |  1 1 2 2 3 3 3 5 6 6 7 8 8 9 continue

[7] = 5, [8] = 6 | 1 1 2 2 3 3 3 5 6 6 7 8 8 9
[7] = 5, [9] = 6 | 1 1 2 2 3 3 3 5 6 6 7 8 8 9
[7] = 5, [10] = 7 | 1 1 2 2 3 3 3 5 6 6 7 8 8 9
[7] = 5, [11] = 8 | 1 1 2 2 3 3 3 5 6 6 7 8 8 9
[7] = 5, [12] = 8 | 1 1 2 2 3 3 3 5 6 6 7 8 8 9
[7] = 5, [13] = 9 | 1 1 2 2 3 3 3 5 6 6 7 8 8 9

[8] = 6, [9] = 6 | 1 1 2 2 3 3 3 5 6 6 7 8 8 9 count number 6 amount 2
[8] = 6, [10] = 7 | 1 1 2 2 3 3 3 5 6 6 7 8 8 9
[8] = 6, [11] = 8 | 1 1 2 2 3 3 3 5 6 6 7 8 8 9
[8] = 6, [12] = 8 | 1 1 2 2 3 3 3 5 6 6 7 8 8 9
[8] = 6, [13] = 9 | 1 1 2 2 3 3 3 5 6 6 7 8 8 9

[9] = 6 |  1 1 2 2 3 3 3 5 6 6 7 8 8 9 continue

[10] = 7, [11] = 8 | 1 1 2 2 3 3 3 5 6 6 7 8 8 9
[10] = 7, [12] = 8 | 1 1 2 2 3 3 3 5 6 6 7 8 8 9
[10] = 7, [13] = 9 | 1 1 2 2 3 3 3 5 6 6 7 8 8 9

[11] = 8, [12] = 8 | 1 1 2 2 3 3 3 5 6 6 7 8 8 9 count number 8 amount 2
[11] = 8, [13] = 9 | 1 1 2 2 3 3 3 5 6 6 7 8 8 9

[12] = 8 |  1 1 2 2 3 3 3 5 6 6 7 8 8 9 continue

1 -> 2
2 -> 2
3 -> 3
5 -> 1
6 -> 2
7 -> 1
8 -> 2
9 -> 1